Compiling 126 files with Solc 0.8.26
Solc 0.8.26 finished in 8.18s
Compiler run successful!

╭------------------------------------------------------------------------+------------------+-------------------+--------------------+---------------------╮
| Contract                                                               | Runtime Size (B) | Initcode Size (B) | Runtime Margin (B) | Initcode Margin (B) |
+==========================================================================================================================================================+
| Arrays                                                                 | 31               | 81                | 24,545             | 49,071              |
|------------------------------------------------------------------------+------------------+-------------------+--------------------+---------------------|
| BalanceDeltaLibrary                                                    | 78               | 128               | 24,498             | 49,024              |
|------------------------------------------------------------------------+------------------+-------------------+--------------------+---------------------|
| BeforeSwapDeltaLibrary                                                 | 78               | 128               | 24,498             | 49,024              |
|------------------------------------------------------------------------+------------------+-------------------+--------------------+---------------------|
| BitMath                                                                | 31               | 81                | 24,545             | 49,071              |
|------------------------------------------------------------------------+------------------+-------------------+--------------------+---------------------|
| CollectibleBox                                                         | 9,469            | 11,031            | 15,107             | 38,121              |
|------------------------------------------------------------------------+------------------+-------------------+--------------------+---------------------|
| Comparators                                                            | 31               | 81                | 24,545             | 49,071              |
|------------------------------------------------------------------------+------------------+-------------------+--------------------+---------------------|
| Constants                                                              | 499              | 551               | 24,077             | 48,601              |
|------------------------------------------------------------------------+------------------+-------------------+--------------------+---------------------|
| CurrencyDelta                                                          | 31               | 81                | 24,545             | 49,071              |
|------------------------------------------------------------------------+------------------+-------------------+--------------------+---------------------|
| CurrencyLibrary                                                        | 101              | 151               | 24,475             | 49,001              |
|------------------------------------------------------------------------+------------------+-------------------+--------------------+---------------------|
| CurrencyReserves                                                       | 31               | 81                | 24,545             | 49,071              |
|------------------------------------------------------------------------+------------------+-------------------+--------------------+---------------------|
| CurrencySettler (lib/oz-hooks/src/utils/CurrencySettler.sol)           | 31               | 81                | 24,545             | 49,071              |
|------------------------------------------------------------------------+------------------+-------------------+--------------------+---------------------|
| CurrencySettler (lib/v4-core/test/utils/CurrencySettler.sol)           | 31               | 81                | 24,545             | 49,071              |
|------------------------------------------------------------------------+------------------+-------------------+--------------------+---------------------|
| CustomRevert                                                           | 31               | 81                | 24,545             | 49,071              |
|------------------------------------------------------------------------+------------------+-------------------+--------------------+---------------------|
| DiscoveryBox                                                           | 4,015            | 5,392             | 20,561             | 43,760              |
|------------------------------------------------------------------------+------------------+-------------------+--------------------+---------------------|
| DiscoveryBoxFactory                                                    | 5,818            | 5,846             | 18,758             | 43,306              |
|------------------------------------------------------------------------+------------------+-------------------+--------------------+---------------------|
| DiscoveryHook                                                          | 13,332           | 14,593            | 11,244             | 34,559              |
|------------------------------------------------------------------------+------------------+-------------------+--------------------+---------------------|
| DiscoveryHookFactory                                                   | 15,827           | 15,855            | 8,749              | 33,297              |
|------------------------------------------------------------------------+------------------+-------------------+--------------------+---------------------|
| DiscoveryLaunchFactory                                                 | 10,258           | 10,633            | 14,318             | 38,519              |
|------------------------------------------------------------------------+------------------+-------------------+--------------------+---------------------|
| ERC1155Utils                                                           | 31               | 81                | 24,545             | 49,071              |
|------------------------------------------------------------------------+------------------+-------------------+--------------------+---------------------|
| FixedPoint128                                                          | 31               | 81                | 24,545             | 49,071              |
|------------------------------------------------------------------------+------------------+-------------------+--------------------+---------------------|
| FixedPoint96                                                           | 31               | 81                | 24,545             | 49,071              |
|------------------------------------------------------------------------+------------------+-------------------+--------------------+---------------------|
| FullMath                                                               | 31               | 81                | 24,545             | 49,071              |
|------------------------------------------------------------------------+------------------+-------------------+--------------------+---------------------|
| HookMiner                                                              | 31               | 81                | 24,545             | 49,071              |
|------------------------------------------------------------------------+------------------+-------------------+--------------------+---------------------|
| Hooks                                                                  | 31               | 81                | 24,545             | 49,071              |
|------------------------------------------------------------------------+------------------+-------------------+--------------------+---------------------|
| LPFeeLibrary                                                           | 144              | 194               | 24,432             | 48,958              |
|------------------------------------------------------------------------+------------------+-------------------+--------------------+---------------------|
| LiquidityAmounts (lib/v4-core/test/utils/LiquidityAmounts.sol)         | 31               | 81                | 24,545             | 49,071              |
|------------------------------------------------------------------------+------------------+-------------------+--------------------+---------------------|
| LiquidityAmounts (lib/v4-periphery/src/libraries/LiquidityAmounts.sol) | 31               | 81                | 24,545             | 49,071              |
|------------------------------------------------------------------------+------------------+-------------------+--------------------+---------------------|
| LiquidityMath                                                          | 31               | 81                | 24,545             | 49,071              |
|------------------------------------------------------------------------+------------------+-------------------+--------------------+---------------------|
| Lock                                                                   | 31               | 81                | 24,545             | 49,071              |
|------------------------------------------------------------------------+------------------+-------------------+--------------------+---------------------|
| Math                                                                   | 31               | 81                | 24,545             | 49,071              |
|------------------------------------------------------------------------+------------------+-------------------+--------------------+---------------------|
| MockERC20                                                              | 3,428            | 4,443             | 21,148             | 44,709              |
|------------------------------------------------------------------------+------------------+-------------------+--------------------+---------------------|
| NonzeroDeltaCount                                                      | 31               | 81                | 24,545             | 49,071              |
|------------------------------------------------------------------------+------------------+-------------------+--------------------+---------------------|
| Panic                                                                  | 31               | 81                | 24,545             | 49,071              |
|------------------------------------------------------------------------+------------------+-------------------+--------------------+---------------------|
| ParseBytes                                                             | 31               | 81                | 24,545             | 49,071              |
|------------------------------------------------------------------------+------------------+-------------------+--------------------+---------------------|
| Pool                                                                   | 31               | 81                | 24,545             | 49,071              |
|------------------------------------------------------------------------+------------------+-------------------+--------------------+---------------------|
| PoolClaimsTest                                                         | 3,305            | 3,479             | 21,271             | 45,673              |
|------------------------------------------------------------------------+------------------+-------------------+--------------------+---------------------|
| PoolDonateTest                                                         | 5,835            | 6,022             | 18,741             | 43,130              |
|------------------------------------------------------------------------+------------------+-------------------+--------------------+---------------------|
| PoolIdLibrary                                                          | 31               | 81                | 24,545             | 49,071              |
|------------------------------------------------------------------------+------------------+-------------------+--------------------+---------------------|
| PoolManager                                                            | 24,261           | 24,455            | 315                | 24,697              |
|------------------------------------------------------------------------+------------------+-------------------+--------------------+---------------------|
| PoolModifyLiquidityTest                                                | 7,014            | 7,216             | 17,562             | 41,936              |
|------------------------------------------------------------------------+------------------+-------------------+--------------------+---------------------|
| PoolModifyLiquidityTestNoChecks                                        | 5,197            | 5,371             | 19,379             | 43,781              |
|------------------------------------------------------------------------+------------------+-------------------+--------------------+---------------------|
| PoolSwapTest                                                           | 7,909            | 8,096             | 16,667             | 41,056              |
|------------------------------------------------------------------------+------------------+-------------------+--------------------+---------------------|
| PoolTakeTest                                                           | 4,571            | 4,738             | 20,005             | 44,414              |
|------------------------------------------------------------------------+------------------+-------------------+--------------------+---------------------|
| Position                                                               | 31               | 81                | 24,545             | 49,071              |
|------------------------------------------------------------------------+------------------+-------------------+--------------------+---------------------|
| ProtocolFeeLibrary                                                     | 85               | 135               | 24,491             | 49,017              |
|------------------------------------------------------------------------+------------------+-------------------+--------------------+---------------------|
| ReentrantCollector                                                     | 1,607            | 1,746             | 22,969             | 47,406              |
|------------------------------------------------------------------------+------------------+-------------------+--------------------+---------------------|
| RejectEth                                                              | 16               | 42                | 24,560             | 49,110              |
|------------------------------------------------------------------------+------------------+-------------------+--------------------+---------------------|
| SafeCast (lib/oz-contracts/contracts/utils/math/SafeCast.sol)          | 31               | 81                | 24,545             | 49,071              |
|------------------------------------------------------------------------+------------------+-------------------+--------------------+---------------------|
| SafeCast (lib/v4-core/src/libraries/SafeCast.sol)                      | 31               | 81                | 24,545             | 49,071              |
|------------------------------------------------------------------------+------------------+-------------------+--------------------+---------------------|
| SafeERC20                                                              | 31               | 81                | 24,545             | 49,071              |
|------------------------------------------------------------------------+------------------+-------------------+--------------------+---------------------|
| Slot0Library                                                           | 31               | 81                | 24,545             | 49,071              |
|------------------------------------------------------------------------+------------------+-------------------+--------------------+---------------------|
| SlotDerivation                                                         | 31               | 81                | 24,545             | 49,071              |
|------------------------------------------------------------------------+------------------+-------------------+--------------------+---------------------|
| SortTokens                                                             | 31               | 81                | 24,545             | 49,071              |
|------------------------------------------------------------------------+------------------+-------------------+--------------------+---------------------|
| SqrtPriceMath                                                          | 31               | 81                | 24,545             | 49,071              |
|------------------------------------------------------------------------+------------------+-------------------+--------------------+---------------------|
| StateLibrary                                                           | 171              | 221               | 24,405             | 48,931              |
|------------------------------------------------------------------------+------------------+-------------------+--------------------+---------------------|
| StorageSlot                                                            | 31               | 81                | 24,545             | 49,071              |
|------------------------------------------------------------------------+------------------+-------------------+--------------------+---------------------|
| SwapMath                                                               | 31               | 81                | 24,545             | 49,071              |
|------------------------------------------------------------------------+------------------+-------------------+--------------------+---------------------|
| SwapRouterNoChecks                                                     | 4,085            | 4,258             | 20,491             | 44,894              |
|------------------------------------------------------------------------+------------------+-------------------+--------------------+---------------------|
| TickBitmap                                                             | 31               | 81                | 24,545             | 49,071              |
|------------------------------------------------------------------------+------------------+-------------------+--------------------+---------------------|
| TickMath                                                               | 31               | 81                | 24,545             | 49,071              |
|------------------------------------------------------------------------+------------------+-------------------+--------------------+---------------------|
| TicketBox                                                              | 4,563            | 6,045             | 20,013             | 43,107              |
|------------------------------------------------------------------------+------------------+-------------------+--------------------+---------------------|
| TransientSlot                                                          | 31               | 81                | 24,545             | 49,071              |
|------------------------------------------------------------------------+------------------+-------------------+--------------------+---------------------|
| TransientStateLibrary                                                  | 31               | 81                | 24,545             | 49,071              |
|------------------------------------------------------------------------+------------------+-------------------+--------------------+---------------------|
| UnsafeMath                                                             | 31               | 81                | 24,545             | 49,071              |
╰------------------------------------------------------------------------+------------------+-------------------+--------------------+---------------------╯

Verified submissions/discovery-box/review-build-manifest.json
